logistic_regression: 0.8329239917269907
k-neighbors: 0.8573552223371251
svc: 0.8608130816959669
ada-boost: 0.8613624612202688
tree: 0.8615240434332989
bagging (gb): 0.8621057394002068
extra trees: 0.8626228024819028
mlp: 0.8633337642192348
forest: 0.8645941054808687
gradient-boost: 0.8646910548086867
voting (forest, knn, ada, gb): 0.8648849534643226
stacking (forest, knn, ada, gb): 0.8651111685625646